{
 "cells": [
  {
   "cell_type": "code",
   "execution_count": 4,
   "metadata": {},
   "outputs": [
    {
     "name": "stdout",
     "output_type": "stream",
     "text": [
      "[[ 2.0700e-06  8.4600e-06 -3.2100e-06  2.2200e-06  8.4000e-07  1.3500e-06\n",
      "  -3.8400e-06 -8.4000e-06  1.5500e-06]\n",
      " [ 8.4600e-06 -3.8300e-06  5.5600e-06  8.1000e-07  1.6000e-06 -2.3300e-06\n",
      "   2.9200e-06  3.5000e-06 -2.6700e-06]\n",
      " [-3.2100e-06  5.5600e-06 -1.9370e-05 -1.1000e-06  1.4200e-06  2.0580e-05\n",
      "   1.3200e-06  3.4100e-06 -6.3000e-07]\n",
      " [ 2.2200e-06  8.1000e-07 -1.1000e-06 -2.0400e-06 -4.4000e-07 -1.3920e-06\n",
      "  -7.9000e-09 -1.0636e-06  1.1000e-07]\n",
      " [ 8.4000e-07  1.6000e-06  1.4200e-06 -4.4000e-07 -1.5000e-06  2.6000e-06\n",
      "  -1.0995e-06  4.8700e-07  2.0000e-08]\n",
      " [ 1.3500e-06 -2.3300e-06  2.0580e-05 -1.3920e-06  2.6000e-06 -2.1570e-05\n",
      "  -1.1000e-07  0.0000e+00  9.0000e-08]\n",
      " [-3.8400e-06  2.9200e-06  1.3200e-06 -7.9000e-09 -1.0995e-06 -1.1000e-07\n",
      "   3.6400e-06  8.9200e-06 -1.4800e-06]\n",
      " [-8.4000e-06  3.5000e-06  3.4100e-06 -1.0636e-06  4.8700e-07  0.0000e+00\n",
      "   8.9200e-06 -4.0700e-06  2.5200e-06]\n",
      " [ 1.5500e-06 -2.6700e-06 -6.3000e-07  1.1000e-07  2.0000e-08  9.0000e-08\n",
      "  -1.4800e-06  2.5200e-06  4.9000e-07]]\n",
      "[-1.64524270e-06 -1.87776428e-07  5.68902518e-10  4.53283931e-08\n",
      "  2.15331784e-07  1.04081222e-06  2.70098833e-01  1.15809957e+00\n",
      "  1.48868327e+00]\n"
     ]
    }
   ],
   "source": [
    "import numpy as np\n",
    "\n",
    "exess_hessian = np.array([[ 1.736451e-01, -3.007743e-01, -4.039392e-02, -2.069808e-02,\n",
    "   3.584684e-02,  9.749680e-03, -1.529472e-01,  2.649275e-01,\n",
    "   3.064437e-02],\n",
    " [-3.007743e-01,  5.209455e-01,  6.996432e-02,  3.584680e-02,\n",
    "  -6.209013e-02, -1.688694e-02,  2.649161e-01, -4.588564e-01,\n",
    "  -5.307761e-02],\n",
    " [-4.039392e-02,  6.996432e-02,  7.442816e-01, -5.066044e-02,\n",
    "   8.774654e-02, -6.366622e-01,  9.105707e-02, -1.577212e-01,\n",
    "  -1.076199e-01],\n",
    " [-2.069808e-02,  3.584680e-02, -5.066044e-02,  2.115308e-02,\n",
    "  -3.663494e-02,  7.484932e-03, -4.552721e-04,  7.885236e-04,\n",
    "   4.317798e-02],\n",
    " [ 3.584684e-02, -6.209013e-02,  8.774654e-02, -3.663494e-02,\n",
    "   6.345515e-02, -1.296428e-02,  7.885295e-04, -1.365787e-03,\n",
    "  -7.478646e-02],\n",
    " [ 9.749680e-03, -1.688694e-02, -6.366622e-01,  7.484932e-03,\n",
    "  -1.296428e-02,  6.544327e-01, -1.723434e-02,  2.985100e-02,\n",
    "  -1.776961e-02],\n",
    " [-1.529472e-01,  2.649161e-01,  9.105707e-02, -4.552721e-04,\n",
    "   7.885295e-04, -1.723434e-02,  1.534025e-01, -2.657160e-01,\n",
    "  -7.382236e-02],\n",
    " [ 2.649275e-01, -4.588564e-01, -1.577212e-01,  7.885236e-04,\n",
    "  -1.365787e-03,  2.985100e-02, -2.657160e-01,  4.602222e-01,\n",
    "   1.278641e-01],\n",
    " [ 3.064437e-02, -5.307761e-02, -1.076199e-01,  4.317798e-02,\n",
    "  -7.478646e-02, -1.776961e-02, -7.382236e-02,  1.278641e-01,\n",
    "   1.253895e-01]])\n",
    "gamess_hessian = np.array( [\n",
    "[0.17364717, -.30076584, -.04039713, -.02069586, 0.03584768, 0.00975103, -.15295104, 0.26491910, 0.03064592 ],\n",
    "[-.30076584, 0.52094167, 0.06996988, 0.03584761, -.06208853, -.01688927, 0.26491902, -.45885290, -.05308028 ],\n",
    "[-.04039713, 0.06996988, 0.74426223, -.05066154, 0.08774796, -.63664162, 0.09105839, -.15771779, -.10762053 ],\n",
    "[-.02069586, 0.03584761, -.05066154, 0.02115104, -.03663538, 0.00748354, -.00045528, 0.00078746, 0.04317809 ],\n",
    "[0.03584768, -.06208853, 0.08774796, -.03663538, 0.06345365, -.01296168, 0.00078743, -.00136530, -.07478644 ],\n",
    "[0.00975103, -.01688927, -.63664162, 0.00748354, -.01296168, 0.65441113, -.01723445, 0.02985100, -.01776952 ],\n",
    "[-.15295104, 0.26491902, 0.09105839, -.00045528, 0.00078743, -.01723445, 0.15340614, -.26570708, -.07382384 ],\n",
    "[0.26491910, -.45885290, -.15771779, 0.00078746, -.00136530, 0.02985100, -.26570708, 0.46021813, 0.12786662 ],\n",
    "[0.03064592, -.05308028, -.10762053, 0.04317809, -.07478644, -.01776952, -.07382384, 0.12786662, 0.12538999 ]\n",
    " ])\n",
    "\n",
    "diff = gamess_hessian - exess_hessian\n",
    "print(diff)\n",
    "\n",
    "eigenvalues,eigenvectors = np.linalg.eigh(gamess_hessian)\n",
    "print(eigenvalues)\n"
   ]
  },
  {
   "cell_type": "code",
   "execution_count": 1,
   "metadata": {},
   "outputs": [
    {
     "name": "stdout",
     "output_type": "stream",
     "text": [
      "[[-3.4200e-06  5.1900e-06  9.6400e-07  2.6900e-07 -1.6300e-06 -7.2100e-07\n",
      "   7.0200e-06 -8.4200e-06 -1.5980e-06]\n",
      " [ 5.1900e-06 -9.6600e-06 -1.6770e-06 -1.6210e-06  2.0700e-06  1.2470e-06\n",
      "  -1.1250e-05  1.7310e-05  2.7800e-06]\n",
      " [ 9.6400e-07 -1.6770e-06 -1.2920e-05  2.2900e-06 -3.8400e-06  2.0140e-05\n",
      "  -3.9400e-06  5.4100e-06  4.4400e-06]\n",
      " [ 2.6900e-07 -1.6210e-06  2.2900e-06  1.7100e-06  9.7000e-07  1.2760e-06\n",
      "   1.9500e-08  1.0397e-06 -7.4000e-07]\n",
      " [-1.6300e-06  2.0700e-06 -3.8400e-06  9.7000e-07  5.5000e-07 -2.3800e-06\n",
      "   1.0855e-06 -4.6200e-07  1.0800e-06]\n",
      " [-7.2100e-07  1.2470e-06  2.0140e-05  1.2760e-06 -2.3800e-06  1.1670e-05\n",
      "   3.7000e-07 -4.5000e-07  1.8000e-07]\n",
      " [ 7.0200e-06 -1.1250e-05 -3.9400e-06  1.9500e-08  1.0855e-06  3.7000e-07\n",
      "  -5.8600e-06 -4.9400e-06  2.5700e-06]\n",
      " [-8.4200e-06  1.7310e-05  5.4100e-06  1.0397e-06 -4.6200e-07 -4.5000e-07\n",
      "  -4.9400e-06 -2.6800e-06 -4.4300e-06]\n",
      " [-1.5980e-06  2.7800e-06  4.4400e-06 -7.4000e-07  1.0800e-06  1.8000e-07\n",
      "   2.5700e-06 -4.4300e-06 -2.3300e-06]]\n",
      "[5.48375139e+00 2.22008014e+00 6.36882366e-02 3.44902370e-01\n",
      " 8.40941647e-01 4.44947652e+00 2.17004855e+03 4.14000325e+03\n",
      " 4.39106773e+03]\n",
      "[1.61667487e+01 3.81750481e+00 2.60191649e+00 5.22470533e+00\n",
      " 6.97593776e+00 7.34268117e+00 2.17001706e+03 4.13999496e+03\n",
      " 4.39103785e+03]\n"
     ]
    }
   ],
   "source": [
    "import numpy as np \n",
    "\n",
    "mass_weight_gms = np.array( [\n",
    "[0.01085640, -.01880385, -.00252562, -.00515466, 0.00892848, 0.00242866, -.03809509, 0.06598266, 0.00763289 ],\n",
    "[-.01880385, 0.03256922, 0.00437451, 0.00892846, -.01546422, -.00420656, 0.06598264, -.11428521, -.01322056 ],\n",
    "[-.00252562, 0.00437451, 0.04653119, -.01261813, 0.02185514, -.15856654, 0.02267966, -.03928233, -.02680474 ],\n",
    "[-.00515466, 0.00892846, -.01261813, 0.02098682, -.03635093, 0.00742543, -.00045175, 0.00078135, 0.04284284 ],\n",
    "[0.00892848, -.01546422, 0.02185514, -.03635093, 0.06296098, -.01286105, 0.00078131, -.00135470, -.07420578 ],\n",
    "[0.00242866, -.00420656, -.15856654, 0.00742543, -.01286105, 0.64933013, -.01710064, 0.02961923, -.01763156 ],\n",
    "[-.03809509, 0.06598264, 0.02267966, -.00045175, 0.00078131, -.01710064, 0.15221506, -.26364406, -.07325066 ],\n",
    "[0.06598266, -.11428521, -.03928233, 0.00078135, -.00135470, 0.02961923, -.26364406, 0.45664488, 0.12687383 ],\n",
    "[0.00763289, -.01322056, -.02680474, 0.04284284, -.07420578, -.01763156, -.07325066, 0.12687383, 0.12441643 ]\n",
    " ])\n",
    "mass_weight_exess = np.array([[ 1.085298e-02, -1.879866e-02, -2.524656e-03, -5.154391e-03,\n",
    "   8.926850e-03,  2.427939e-03, -3.808807e-02,  6.597424e-02,\n",
    "   7.631292e-03],\n",
    " [-1.879866e-02,  3.255956e-02,  4.372833e-03,  8.926839e-03,\n",
    "  -1.546215e-02, -4.205313e-03,  6.597139e-02, -1.142679e-01,\n",
    "  -1.321778e-02],\n",
    " [-2.524656e-03,  4.372833e-03,  4.651827e-02, -1.261584e-02,\n",
    "   2.185130e-02, -1.585464e-01,  2.267572e-02, -3.927692e-02,\n",
    "  -2.680030e-02],\n",
    " [-5.154391e-03,  8.926839e-03, -1.261584e-02,  2.098853e-02,\n",
    "  -3.634996e-02,  7.426706e-03, -4.517305e-04,  7.823897e-04,\n",
    "   4.284210e-02],\n",
    " [ 8.926850e-03, -1.546215e-02,  2.185130e-02, -3.634996e-02,\n",
    "   6.296153e-02, -1.286343e-02,  7.823955e-04, -1.355162e-03,\n",
    "  -7.420470e-02],\n",
    " [ 2.427939e-03, -4.205313e-03, -1.585464e-01,  7.426706e-03,\n",
    "  -1.286343e-02,  6.493418e-01, -1.710027e-02,  2.961878e-02,\n",
    "  -1.763138e-02],\n",
    " [-3.808807e-02,  6.597139e-02,  2.267572e-02, -4.517305e-04,\n",
    "   7.823955e-04, -1.710027e-02,  1.522092e-01, -2.636490e-01,\n",
    "  -7.324809e-02],\n",
    " [ 6.597424e-02, -1.142679e-01, -3.927692e-02,  7.823897e-04,\n",
    "  -1.355162e-03,  2.961878e-02, -2.636490e-01,  4.566422e-01,\n",
    "   1.268694e-01],\n",
    " [ 7.631292e-03, -1.321778e-02, -2.680030e-02,  4.284210e-02,\n",
    "  -7.420470e-02, -1.763138e-02, -7.324809e-02,  1.268694e-01,\n",
    "   1.244141e-01]])\n",
    "print(mass_weight_exess - mass_weight_gms)\n",
    "conversion_factor = 2.642461e7 \n",
    "eigenvalues,eigenvectors = np.linalg.eigh(mass_weight_gms)\n",
    "print(np.sqrt(np.abs(eigenvalues)*conversion_factor))\n",
    "eigenvalues,eigenvectors = np.linalg.eigh(mass_weight_exess)\n",
    "print(np.sqrt(np.abs(eigenvalues)*conversion_factor))"
   ]
  },
  {
   "cell_type": "code",
   "execution_count": null,
   "metadata": {},
   "outputs": [],
   "source": []
  }
 ],
 "metadata": {
  "kernelspec": {
   "display_name": "Python 3",
   "language": "python",
   "name": "python3"
  },
  "language_info": {
   "codemirror_mode": {
    "name": "ipython",
    "version": 3
   },
   "file_extension": ".py",
   "mimetype": "text/x-python",
   "name": "python",
   "nbconvert_exporter": "python",
   "pygments_lexer": "ipython3",
   "version": "3.12.7"
  }
 },
 "nbformat": 4,
 "nbformat_minor": 2
}
